       30005
       22673
       17360
       26960
       39564
       53093
       35797
       40111
       35677
       48390
       14359
        1399
       14619
       35215
        2117
       56225
       41163
       11093
       42960
       40655
       34313
       15886
       32640
       58302
       26739
       61374
        6270
        1696
       45474
        5715
       50764
       44277
       51875
        9832
       35876
       47083
       13441
       33099
       59020
        5865
       26504
       14483
       49054
       33607
       59371
       44334
        1211
       16072
       30793
       28749
       64104
       59143
       25299
       63882
       54109
        8119
       44759
       45866
       42242
       57938
       44565
       28643
       63037
         783
       60016
       23853
       22569
       20988
       46791
       30594
       58899
       29954
       15931
       36587
       18316
       47945
       34336
       17697
       20703
       14003
       32085
       47118
       33036
       47420
       63040
       38688
       47200
       15321
       26469
       44096
       55125
       21569
         508
       54310
       57934
       58301
        3729
       52755
       29391
       54546
       56878
       22213
       60411
       45143
        8043
       40558
       22644
       57157
       15098
       43647
       31986
       13391
       53134
       34793
       11970
       47047
       29386
       58513
        5345
       46172
       63055
       57281
       29028
       50562
       14814
       43470
       41119
       30897
       15868
       23852
       59923
       30968
       61102
       54842
       25049
        7895
        1296
       23662
       43213
       59651
       25959
       41981
       10467
       38545
        7417
       36915
        6150
        5979
       15958
       13200
